# BOSH_BOVA24 (A/AHP)
# Cooling performance (for 2 kW design load)


81.96	87.25	100.47		!	Air Flow Rate (l/s)
15	17.22	19.44	21.67	!	Return air wet bulb (C) 
21.11	23.89	26.67	29.44	!	Return air dry bulb (C) 
29.44	35	40.56	46.11	!	Outdoor air dry bulb (C)
5456.15	4855.97	1169.87		!	Total capacity (kJ/h), Sensible capacity (kJ/h), and Power (kJ/h) at airflow, IWB, IDB, and ODB
5426	4829.14	1410.11			
5426	4774.88	1681.69			
5335.57	4748.66	1974.16			
5516.44	5185.45	1180.32			
5486.29	5157.11	1420.56			
5486.29	5102.25	1702.58			
5395.86	5072.11	1995.05			
5637.01	5637.01	1190.76			
5637.01	5637.01	1441.45			
5606.87	5606.87	1723.47			
5516.44	5516.44	2015.94			
5697.3	5697.3	1190.76			
5697.3	5697.3	1441.45			
5667.16	5667.16	1723.47			
5576.72	5576.72	2015.94			
5637.01	3551.32	1190.76			
5637.01	3551.32	1441.45			
5606.87	3532.33	1723.47			
5516.44	3530.52	2015.94			
5697.3	4557.84	1211.65			
5697.3	4557.84	1451.9			
5667.16	4533.73	1733.92			
5576.72	4461.38	2036.83			
5757.59	5354.56	1222.1			
5757.59	5354.56	1472.79			
5727.45	5326.53	1754.81			
5637.01	5242.42	2057.72			
5817.88	5585.16	1232.54			
5817.88	5585.16	1483.23			
5787.74	5556.23	1775.7			
5697.3	5469.41	2078.61			
5998.75	2339.51	1232.54			
5998.75	2339.51	1493.68			
5968.6	2327.75	1775.7			
5878.17	2292.49	2078.61			
6059.04	3453.65	1242.99			
6059.04	3453.65	1504.12			
6028.89	3436.47	1796.59			
5938.46	3384.92	2099.5			
6119.32	4528.3	1253.44			
6119.32	4528.3	1514.57			
6089.18	4505.99	1807.04			
5998.75	4499.06	2120.39			
6179.61	5623.45	1263.88			
6179.61	5623.45	1525.01			
6149.47	5596.02	1827.93			
6059.04	5574.31	2141.29			
7566.26	2875.18	1514.57			
7566.26	2875.18	1817.48			
7505.97	2852.27	2183.07			
7445.68	2829.36	2600.88			
7656.69	2909.54	1525.01			
7626.55	2898.09	1838.37			
7566.26	2875.18	2203.96			
7505.97	2852.27	2621.77			
7747.13	4028.51	1545.9			
7686.84	3997.15	1859.26			
7626.55	3965.8	2224.85			
7566.26	3934.45	2642.66			
7807.41	5152.89	1556.35			
7747.13	5113.1	1880.15			
7686.84	5073.31	2245.74			
7626.55	5033.52	2663.55			
5546.58	5269.25	1148.98			
5516.44	5240.61	1389.22			
5486.29	5157.11	1671.25			
5395.86	5126.06	1953.27			
5606.87	5606.87	1159.43			
5576.72	5576.72	1410.11			
5546.58	5546.58	1681.69			
5456.15	5456.15	1974.16			
5727.45	5727.45	1180.32			
5697.3	5697.3	1420.56			
5667.16	5667.16	1702.58			
5576.72	5576.72	1995.05			
5787.74	5787.74	1180.32			
5757.59	5757.59	1420.56			
5727.45	5727.45	1702.58			
5637.01	5637.01	1995.05			
5727.45	3665.57	1180.32			
5697.3	3646.27	1420.56			
5667.16	3626.98	1702.58			
5576.72	3569.1	1995.05			
5787.74	5151.08	1190.76			
5757.59	5124.26	1441.45			
5727.45	5097.43	1723.47			
5637.01	5016.94	2026.39			
5848.02	5614.1	1201.21			
5817.88	5585.16	1451.9			
5787.74	5556.23	1744.36			
5697.3	5469.41	2047.28			
5908.31	5908.31	1211.65			
5878.17	5878.17	1462.34			
5848.02	5848.02	1754.81			
5757.59	5757.59	2068.17			
6089.18	2435.67	1211.65			
6059.04	2423.61	1472.79			
6059.04	2423.61	1765.25			
5968.6	2387.44	2068.17			
6149.47	3505.2	1222.1			
6149.47	3505.2	1483.23			
6119.32	3488.02	1775.7			
6028.89	3496.76	2089.06			
6209.76	4657.32	1232.54			
6179.61	4634.71	1493.68			
6179.61	4634.71	1796.59			
6059.04	4604.87	2109.95			
6270.05	5768.44	1242.99			
6270.05	5768.44	1514.57			
6239.9	5740.71	1807.04			
6119.32	5690.97	2130.84			
7716.98	3009.62	1504.12			
7686.84	2997.87	1827.93			
7566.26	2950.84	2183.07			
7536.11	2939.08	2611.32			
7777.27	3033.14	1514.57			
7747.13	3021.38	1838.37			
7656.69	2986.11	2203.96			
7596.4	2962.6	2632.21			
7837.56	4153.91	1525.01			
7807.41	4137.93	1848.82			
7747.13	4105.98	2224.85			
7656.69	4058.05	2653.1			
7927.99	5232.47	1545.9			
7867.7	5192.68	1869.71			
7807.41	5230.97	2245.74			
7747.13	5190.57	2674			
6119.32	5813.36	1295.22			
6089.18	5784.72	1556.35			
5968.6	5670.17	1838.37			
5938.46	5700.92	2183.07			
6179.61	6179.61	1305.66			
6149.47	6149.47	1577.24			
6059.04	6059.04	1859.26			
5998.75	5998.75	2203.96			
6330.34	6330.34	1316.11			
6300.19	6300.19	1587.68			
6179.61	6179.61	1880.15			
6149.47	6149.47	2224.85			
6390.62	6390.62	1316.11			
6360.48	6360.48	1587.68			
6239.9	6239.9	1880.15			
6209.76	6209.76	2224.85			
6330.34	4114.72	1316.11			
6300.19	4095.12	1587.68			
6179.61	4016.75	1880.15			
6149.47	3997.15	2224.85			
6390.62	5751.56	1337			
6360.48	5724.43	1608.58			
6239.9	5615.91	1901.04			
6209.76	5588.78	2256.18			
6450.91	6257.39	1347.44			
6420.77	6228.15	1619.02			
6300.19	6111.19	1911.49			
6270.05	6081.95	2277.07			
6541.35	6541.35	1357.89			
6511.2	6511.2	1639.91			
6390.62	6390.62	1932.38			
6330.34	6330.34	2297.96			
6722.21	2621.66	1368.33			
6692.07	2609.91	1650.36			
6601.64	2574.64	1942.82			
6541.35	2551.13	2308.41			
6812.65	3951.34	1378.78			
6782.5	3933.85	1660.8			
6661.92	3863.92	1963.72			
6601.64	3828.95	2329.3			
6872.94	5223.43	1389.22			
6842.79	5132.09	1671.25			
6722.21	5176.1	1974.16			
6661.92	5129.68	2350.19			
6933.23	6517.23	1399.67			
6872.94	6529.29	1681.69			
6782.5	6443.38	1995.05			
6752.36	6482.26	2371.08			
8500.74	3315.29	1692.14			
8380.16	3268.26	2015.94			
8289.73	3232.99	2433.75			
8229.44	3209.48	2914.24			
8561.03	3338.8	1702.58			
8470.59	3303.53	2047.28			
8380.16	3268.26	2454.64			
8289.73	3232.99	2945.57			
8621.31	4569.3	1713.03			
8561.03	4537.34	2078.61			
8470.59	4489.41	2475.53			
8350.01	4509.01	2976.91			
8711.75	5923.99	1733.92			
8621.31	5862.49	2089.06			
8530.88	5801	2506.87			
8440.45	5823.91	3008.25		
