# BOSH_BOVA24 (A/AHP)
# Heating performance (for 4.5 kW design load)


186.05	197.88	227.86		!	Air flow rate (l/s)
15.56	21.11	23.89	26.67	!	Return air dry bulb temperature (C)
-20   -16.67   -13.89   -11.11   -8.33   -5.56   -2.78   0   2.78   5.56   8.33   11.11   13.89   16.67   19.44   22.22   30	!	Outdoor dry bulb temperature (C) 
12558.05	4906.57			!	Capacity (kJ/h) and power (kJ/h) at airflow, IDB, and ODB [C]
13773.34	5044.78				
14448.51	5182.99				
15123.67	5367.28				
16338.96	5551.56				
16406.48	5712.81				
17081.64	5920.13				
17419.23	5206.03				
17891.84	5090.85				
17891.84	4607.1				
18026.87	4284.61				
18026.87	3939.07				
18094.39	3662.65				
18094.39	3317.11				
18094.39	3017.65				
18094.39	2764.26				
18094.39	2073.2				
10667.59	5275.13				
11207.72	5413.35				
11410.27	5597.63				
11950.4	5436.38				
12693.08	4883.53				
13300.73	4653.18				
13300.73	4376.75				
13300.73	4054.25				
13300.73	3800.86				
13368.24	3547.47				
13368.24	3155.87				
13368.24	2902.48				
13368.24	2695.16				
13435.76	2441.77				
13435.76	2234.45				
13435.76	2027.13				
13435.76	1451.24				
10600.07	5482.45				
10870.14	5252.1				
10870.14	4814.42				
10870.14	4422.82				
10937.65	4169.43				
10937.65	3916.04				
10937.65	3616.58				
10937.65	3409.26				
10937.65	3155.87				
10937.65	2879.44				
10937.65	2672.12				
10937.65	2441.77				
10937.65	2211.41				
11005.17	2027.13				
11005.17	1865.88				
11072.69	1681.59				
11072.69	1405.17				
8574.58	4491.93				
8574.58	4146.39				
8642.1	3916.04				
8642.1	3662.65				
8642.1	3363.19				
8642.1	3155.87				
8642.1	2971.58				
8642.1	2764.26				
8642.1	2626.05				
8642.1	2303.55				
8709.61	2165.34				
8709.61	1981.05				
8709.61	1842.84				
8709.61	1658.56				
8709.61	1520.34				
8709.61	1359.1				
8709.61	1151.78				
13165.69	4837.46				
14245.96	4952.64				
14921.12	5113.89				
15663.8	5275.13				
16474	5436.38				
16541.51	5620.67				
17689.29	5804.95				
17351.71	5113.89				
18229.42	5136.92				
18229.42	4653.18				
18364.46	4284.61				
18364.46	3939.07				
18364.46	3685.68				
18364.46	3317.11				
18364.46	3017.65				
18431.97	2787.3				
18431.97	2073.2				
10802.62	5182.99				
11342.75	5321.21				
11612.82	5505.49				
12152.95	5482.45				
12895.63	5067.81				
13503.28	4676.21				
13570.79	4330.68				
13503.28	4054.25				
13503.28	3800.86				
13570.79	3524.43				
13570.79	3155.87				
13570.79	2879.44				
13638.31	2672.12				
13638.31	2418.73				
13638.31	2211.41				
13638.31	2050.16				
13638.31	1474.27				
10532.56	5390.31				
11005.17	5298.17				
11005.17	4837.46				
11005.17	4445.86				
11140.2	4169.43				
11072.69	3916.04				
11072.69	3593.54				
11072.69	3409.26				
11072.69	3132.83				
11140.2	2856.4				
11140.2	2649.08				
11140.2	2418.73				
11140.2	2234.45				
11140.2	2004.09				
11140.2	1819.81				
11140.2	1681.59				
11140.2	1174.81				
8709.61	4514.96				
8709.61	4192.46				
8777.13	3916.04				
8777.13	3639.61				
8777.13	3340.15				
8777.13	3132.83				
8777.13	2948.55				
8777.13	2741.23				
8777.13	2603.01				
8777.13	2349.62				
8844.65	2142.3				
8844.65	1934.98				
8844.65	1796.77				
8844.65	1612.49				
8844.65	1474.27				
8844.65	1336.06				
8844.65	921.42				
13300.73	4837.46				
14380.99	4929.6				
15056.15	5090.85				
15798.83	5229.06				
16676.55	5390.31				
16744.06	5551.56				
17959.36	5712.81				
17554.26	5021.74				
18769.55	5182.99				
20052.37	5252.1				
20052.37	4745.32				
20119.88	4330.68				
20187.4	4077.29				
20187.4	3708.72				
20187.4	3432.29				
20187.4	3155.87				
20187.4	2395.69				
11882.88	5159.96				
12490.53	5298.17				
12760.6	5482.45				
13368.24	5643.7				
14178.44	5666.74				
14853.6	5229.06				
14853.6	4860.49				
14853.6	4445.86				
14853.6	4215.5				
14921.12	3893				
14921.12	3616.58				
14921.12	3248.01				
14988.64	2971.58				
14988.64	2718.19				
14988.64	2487.84				
14988.64	2303.55				
14988.64	1704.63				
10667.59	5367.28				
11545.3	5528.52				
12152.95	5390.31				
12152.95	4952.64				
12152.95	4584.07				
12220.47	4307.64				
12220.47	4031.22				
12220.47	3754.79				
12220.47	3547.47				
12220.47	3155.87				
12287.98	2925.51				
12287.98	2695.16				
12287.98	2487.84				
12287.98	2234.45				
12287.98	2050.16				
12287.98	1888.91				
12287.98	1382.13				
9587.33	4998.71				
9587.33	4630.14				
9654.84	4192.46				
9722.36	4008.18				
9722.36	3754.79				
9722.36	3455.33				
9722.36	3248.01				
9722.36	3017.65				
9722.36	2856.4				
9722.36	2603.01				
9722.36	2418.73				
9722.36	2165.34				
9722.36	2004.09				
9722.36	1819.81				
9722.36	1658.56				
9722.36	1520.34				
9722.36	1082.67			
