# DAIKIN-ERLQ004 (A/WHP)					
# Heating performance


25	30	35	40	45	50			!   T_water_in
-15	-7	-2	2	7	12	15	20	!   T_air_in
0.88	1.39							!   Fractional capacity and power at Twater_in and Tair_in
1.25	1.39							
1.28	1.23							
1.29	1.08							
1.3	0.88							
1.31	0.68							
1.36	0.67							
1.49	0.65							
0.82	1.58							
1.22	1.55							
1.26	1.38							
1.27	1.21							
1.27	0.99							
1.29	0.76							
1.31	0.72							
1.45	0.72							
0.84	1.73							
1.19	0.82							
1.22	0.66							
1.24	0.51							
1.24	0.27							
1.25	0.01							
1.28	0.87							
1.42	0.85							
0.78	1.96							
1.15	1.88							
1.2	1.71							
1.21	1.54							
1.22	1.27							
1.22	1.07							
1.26	1.06							
1.37	1							
0.75	2.13							
1.08	2.09							
1.13	1.92							
1.16	1.75							
1.17	1.47							
1.17	1.3							
1.18	1.21							
1.29	1.17							
0.69	2.23							
1	2.2							
1.08	2.03							
1.13	1.84							
1.13	1.56							
1.13	1.35							
1.15	1.31							
1.21	1.28	
