# DAIKIN-ERLQ004 (A/WHP)
# Cooling performance


12	15	18	20	23	27	!   T_water_in [C]
20	25	30	35	40	45	!   T_air_in [C]
1.46	0.86					!   Fractional capacity and power at Twater_in and Tair_in
1.33	0.94					
1.21	1.04					
1.09	1.13					
0.84	1.02					
0.69	0.95					
1.55	0.83					
1.42	0.92					
1.3	1.02					
1.18	1.11					
0.92	1					
0.76	0.93					
1.63	0.81					
1.51	0.9					
1.39	0.99					
1.26	1.08					
1	0.97					
0.83	0.91					
1.68	0.8					
1.56	0.88					
1.44	0.97					
1.32	1.06					
1.05	0.97					
0.88	0.89					
1.76	0.78					
1.65	0.86					
1.53	0.94					
1.41	1.03					
1.12	0.93					
0.95	0.87					
1.91	0.74					
1.8	0.83					
1.68	0.91					
1.56	0.99					
1.25	0.89					
1.07	0.83			
