# YAFS-18 geothermal heat pump (B/AHP)
# Cooling performance


235.97	283.17						!	Values of Airflow in liters per second (l/s) 
0.19	0.25	0.32					!	Values of Liquid Flow Rate in liters per second (l/s) 
-1.11	4.4	10	15.55	21.11	26.62	32.22	!	Values of Entering Liquid Temperature in Degrees Celsius
20343	12392	2196					!	Total Cooling(kJ/h), Sensible Cooling(kJ/h), and Power(kJ/h) at airflow, liquid flow rate, and ELT 
20240	12289	2196						
20240	12289	2196						
19311	11772	2196						
18381	11256	2196						
17555	10740	2196						
16729	10326	2232						
19620	11979	2196						
20033	12082	2160						
20446	12185	2160						
19517	11772	2160						
18484	11256	2160						
17555	10740	2160						
16729	10326	2232						
18897	11566	2196						
19827	11875	2160						
20756	12185	2124						
19724	11669	2124						
18588	11256	2160						
17762	10946	2232						
16832	10636	2268						
20860	13837	2376						
20860	13631	2376						
20756	13631	2376						
19827	13115	2376						
18897	12495	2376						
18071	11979	2376						
17245	11462	2412						
20137	13321	2376						
20653	13424	2340						
21066	13631	2304						
20033	13011	2340						
19001	12495	2376						
18071	11979	2376						
17142	11462	2412						
19414	12805	2376						
20446	13218	2340						
21376	13528	2268						
20240	13011	2304						
19104	12495	2362						
18278	12185	2412						
17349	11772	2448	
