# YAFS-22 geothermal heat pump (B/AHP)
# Cooling performance


283.17	330.36						!	Values of Airflow in liters per second (l/s) 
0.19	0.28	0.38					!	Values of Liquid Flow Rate in liters per second (l/s) 
-1.11	4.4	10	15.55	21.11	26.62	32.22	!	Values of Entering Liquid Temperature in Degrees Celsius
23957	16316	2484					!	Total Cooling(kJ/h), Sensible Cooling(kJ/h), and Power(kJ/h) at airflow, liquid flow rate, and ELT  
25506	16832	2376						
26229	16522	2268						
25403	16419	2340						
25093	16316	2340						
23957	15903	2376						
22202	15490	2520						
24164	16316	2448						
25713	16522	2268						
26436	16729	2268						
25610	16626	2340						
25300	16316	2340						
24164	16109	2376						
22408	15696	2520						
24371	16316	2412						
25919	16832	2340						
26746	16729	2268						
25919	16626	2304						
25506	16419	2304						
24474	16109	2376						
22718	15696	2484						
24267	17865	2664						
25919	18381	2556						
26746	18071	2412						
25919	17865	2484						
25506	17658	2484						
24474	17245	2556						
22718	16832	2664						
24577	17865	2628						
26229	18381	2520						
27055	18278	2412						
26126	18071	2484						
25816	17865	2484						
24784	17452	2556						
22925	17039	2664						
24887	17865	2592						
26539	18381	2484						
27262	18278	2412						
26436	18071	2448						
26023	17865	2484						
24990	17452	2520						
23131	17038	2664						
