# YAWS-25 geothermal heat pump (B/WHP)			
# Heating performance


1.26	0.55				
1.57	0.55				
1.89	0.57				
0.92	0.71				
1.21	0.73				
1.5	0.74				
1.8	0.75				
0.88	0.88				
1.16	0.9				
1.44	0.92				
1.67	0.93				
0.85	1.06				
1.11	1.08				
1.37	1.1				
1.59	1.02				
0.96	0.53				
1.26	0.53				
1.56	0.53				
1.87	0.55				
0.93	0.7				
1.21	0.7				
1.5	0.71				
1.79	0.72				
0.89	0.87				
1.16	0.88				
1.43	0.89				
1.7	0.89				
0.86	1.05				
1.11	1.06				
1.37	1.07				
1.62	1.06				
0.97	0.51				
1.26	0.51				
1.56	0.51				
1.86	0.52				
0.93	0.68				
1.21	0.69				
1.5	0.69				
1.78	0.69				
0.9	0.86				
1.17	0.86				
1.43	0.86				
1.69	0.87				
0.86	1.03				
1.11	1.03				
1.37	1.04				
1.61	1.04				
0.98	0.54				
1.3	0.55				
1.63	0.56				
1.95	0.58				
0.94	0.71				
1.25	0.73				
1.56	0.74				
1.85	0.75				
0.9	0.88				
1.19	0.9				
1.48	0.92				
1.76	0.93				
0.86	1.06				
1.13	1.08				
1.41	1.1				
1.66	1.11				
0.99	0.53				
1.3	0.53				
1.62	0.53				
1.92	0.55				
0.95	0.7				
1.25	0.7				
1.55	0.71				
1.83	0.73				
0.91	0.87				
1.19	0.88				
1.48	0.89				
1.75	0.89				
0.87	1.05				
1.14	1.06				
1.41	1.07				
1.66	1.07				
0.99	0.51				
1.31	0.51				
1.62	0.51				
1.89	0.53				
0.96	0.68				
1.25	0.69				
1.55	0.69				
1.82	0.69				
0.92	0.86				
1.2	0.86				
1.47	0.86				
1.74	0.86				
0.88	1.03				
1.14	1.03				
1.41	1.04				
1.68	1.03				
1.01	0.54				
1.35	0.55				
1.69	0.56				
2.01	0.58				
0.96	0.71				
1.29	0.73				
1.61	0.74				
1.91	0.76				
0.92	0.88				
1.22	0.9				
1.52	0.92				
1.8	0.93				
0.87	1.06				
1.16	1.08				
1.44	1.1				
1.69	1.11				
1.02	0.53				
1.35	0.53				
1.68	0.54				
1.97	0.55				
0.97	0.7				
1.29	0.7				
1.6	0.71				
1.88	0.73				
0.93	0.87				
1.22	0.88				
1.52	0.89				
1.79	0.9				
0.88	1.05				
1.16	1.06				
1.44	1.07				
1.71	1.07				
1.02	0.51				
1.35	0.51				
1.67	0.51				
1.92	0.53				
0.98	0.68				
1.29	0.69				
1.59	0.69				
1.85	0.7				
0.94	0.86				
1.23	0.86				
1.52	0.86				
1.78	0.87				
0.9	1.03				
1.17	1.03				
1.44	1.04				
1.67	1.04	
