# YAWS-25 geothermal heat pump (B/WHP)
# Cooling performance
0.73	1	1.27		!	Normalized Load Flow Rate
0.73	1	1.27		!	Normalized Source Flow Rate
10	21.11	32.22	43.33	!	Entering Load Temperatures
-1.11	10	21.11	32.22	!	Entering Source Temperatures
1.03	0.69			!	Normalized capacity and normalized power at EST(C), ELT(C), normalized source flow, and normalized load flow
0.98	0.89				
0.92	1.08				
0.83	1.38				
1.11	0.69				
1.12	0.89				
1.13	1.09				
1.05	1.4				
1.2	0.69				
1.27	0.9				
1.35	1.11				
1.27	1.42				
1.28	0.69				
1.42	0.91				
1.51	1.11				
1.51	1.45				
1.06	0.69				
1.01	0.89				
0.95	1.09				
0.85	1.39				
1.13	0.69				
1.15	0.89				
1.17	1.1				
1.09	1.41				
1.2	0.69				
1.3	0.9				
1.39	1.11				
1.31	1.43				
1.28	0.69				
1.44	0.91				
1.63	1.13				
1.55	1.45				
1.09	0.69				
1.04	0.89				
0.98	1.09				
0.88	1.39				
1.15	0.69				
1.18	0.89				
1.2	1.1				
1.12	1.41				
1.21	0.69				
1.32	0.9				
1.43	1.11				
1.35	1.43				
1.28	0.69				
1.46	0.91				
1.63	1.13				
1.59	1.45				
1.01	0.66				
0.96	0.86				
0.92	1.05				
0.83	1.34				
1.07	0.66				
1.1	0.86				
1.13	1.06				
1.06	1.35				
1.14	0.66				
1.24	0.86				
1.34	1.06				
1.27	1.35				
1.21	0.66				
1.38	0.86				
1.51	1.07				
1.51	1.36				
1.04	0.66				
0.99	0.86				
0.96	1.05				
0.86	1.34				
1.09	0.66				
1.13	0.86				
1.17	1.06				
1.09	1.36				
1.15	0.66				
1.26	0.86				
1.38	1.06				
1.31	1.37				
1.2	0.66				
1.4	0.86				
1.55	1.07				
1.55	1.39				
1.07	0.66				
1.03	0.86				
0.99	1.05				
0.89	1.34				
1.11	0.66				
1.16	0.86				
1.2	1.06				
1.12	1.36				
1.16	0.66				
1.28	0.86				
1.41	1.06				
1.35	1.37				
1.2	0.66				
1.41	0.86				
1.63	1.07				
1.59	1.39				
0.99	0.64				
0.96	0.83				
0.92	1.01				
0.83	1.31				
1.03	0.64				
1.08	0.83				
1.12	1.01				
1.06	1.31				
1.09	0.64				
1.2	0.83				
1.32	1.01				
1.23	1.31				
1.13	0.64				
1.33	0.83				
1.53	1.01				
1.43	1.31				
1.01	0.64				
0.99	0.83				
0.96	1.01				
0.86	1.31				
1.05	0.64				
1.11	0.83				
1.16	1.01				
1.09	1.31				
1.09	0.64				
1.22	0.83				
1.36	1.01				
1.31	1.31				
1.13	0.64				
1.35	0.83				
1.56	1.01				
1.55	1.31				
1.04	0.64				
1.02	0.83				
0.99	1.01				
0.89	1.31				
1.07	0.64				
1.13	0.83				
1.19	1.01				
1.13	1.31				
1.1	0.64				
1.25	0.83				
1.4	1.01				
1.35	1.31				
1.13	0.64				
1.36	0.83				
1.59	1.01				
1.59	1.31
