# YAWS-18 geothermal heat pump (B/WHP)
# Heating performance


0.75	1	1.25		!	Normalized Load Flow Rate
0.75	1	1.75		!	Normalized Source Flow Rate
15.56	26.67	37.78	48.89	!	Entering Load Temperatures
-1.11	10	21.11	32.22	!	Entering Source Temperatures
0.97	0.65			!	Normalized capacity and normalized power at EST(C), ELT(C), normalized source flow, and normalized load flow
1.26	0.65				
1.55	0.63				
1.83	0.63				
0.93	0.88				
1.21	0.87				
1.49	0.86				
1.74	0.85				
0.9	1.11				
1.16	1.09				
1.42	1.09				
1.65	1.06				
0.86	1.33				
1.11	1.32				
1.35	1.31				
1.56	1.28				
0.99	0.65				
1.3	0.64				
1.6	0.63				
1.87	0.63				
0.96	0.88				
1.24	0.87				
1.52	0.86				
1.78	0.86				
0.92	1.1				
1.18	1.09				
1.45	1.09				
1.68	1.08				
0.88	1.33				
1.13	1.32				
1.38	1.31				
1.58	1.3				
1.02	0.65				
1.33	0.64				
1.64	0.63				
1.92	0.63				
0.98	0.87				
1.27	0.86				
1.56	0.86				
1.81	0.86				
0.94	1.1				
1.21	1.09				
1.48	1.09				
1.7	1.08				
0.89	1.32				
1.15	1.32				
1.4	1.31				
1.59	1.3				
0.98	0.65				
1.27	1.97				
1.57	3.3				
1.82	0.61				
0.94	0.87				
1.22	1.75				
1.5	2.63				
1.74	0.83				
0.9	1.09				
1.16	1.53				
1.43	1.96				
1.66	1.04				
0.87	1.32				
1.11	1.29				
1.36	1.28				
1.57	1.26				
1	0.64				
1.31	1.3				
1.62	1.96				
1.86	0.61				
0.96	0.86				
1.25	1.29				
1.53	1.73				
1.77	0.83				
0.92	1.08				
1.19	1.29				
1.46	1.5				
1.68	1.04				
0.88	1.3				
1.13	1.29				
1.38	1.28				
1.59	1.26				
1.03	0.64				
1.35	0.63				
1.66	0.61				
1.9	0.61				
0.98	0.86				
1.28	0.84				
1.57	0.83				
1.81	0.83				
0.94	1.07				
1.21	1.06				
1.49	1.06				
1.72	1.04				
0.89	1.29				
1.15	1.29				
1.4	1.28				
1.63	1.26				
0.98	0.63				
1.28	3.3				
1.58	5.97				
1.81	0.58				
0.94	0.86				
1.23	2.63				
1.51	4.4				
1.73	0.8				
0.9	1.07				
1.17	1.95				
1.44	2.83				
1.66	1.01				
0.87	1.29				
1.12	1.27				
1.36	1.25				
1.58	1.23				
1.01	0.63				
1.32	1.96				
1.64	3.28				
1.85	0.58				
0.96	0.85				
1.26	1.73				
1.55	2.6				
1.77	0.8				
0.92	1.06				
1.19	1.5				
1.47	1.93				
1.69	1.01				
0.88	1.28				
1.14	1.27				
1.39	1.25				
1.62	1.23				
1.04	0.63				
1.36	0.61				
1.68	0.59				
1.88	0.58				
0.99	0.83				
1.29	0.83				
1.59	0.81				
1.8	0.8				
0.94	1.05				
1.22	1.04				
1.5	1.03				
1.73	1.01				
0.89	1.26				
1.15	1.26				
1.41	1.25				
1.65	1.23				
